# List of world-static TF names and their 2D positions
# in "odom_frame" given to fiducial_odometry as a parameter:
marker_51: [1.63545837181682, -5.08632675258425]
marker_52: [10.0552615220677, 1.50019379175674]
marker_53: [7.16246733301476, -4.71124719723943]
marker_54: [11.8465691855224, -7.38000823662348]
marker_55: [17.6454221644279, -2.87035382646752]
marker_56: [23.4049419462106, -5.24420247649857]
marker_57: [25.486802264915, -11.2091227595706]
marker_58: [24.2224081220343, -17.0687474191754]
marker_59: [22.2976438640035, -15.0333278356479]
marker_60: [16.3244350768421, -10.0991798732355]
marker_61: [12.2526128636229, -10.4707297675082]
marker_62: [9.0622726767504, -14.9398014990904]
marker_63: [7.73585004126166, -8.51350137599754]
marker_64: [3.6172053064403, -14.7717034539372]
marker_65: [-1.57163362040257, -13.7541627710748]
