# List of world-static TF names and their 2D positions
# in "odom_frame" given to fiducial_odometry as a parameter:
marker_51: [-0.0467860253837726, -6.28931570743819]
marker_52: [8.24548592582707, 0.994659161214351]
marker_53: [4.85173619384202, -4.28254689470685]
marker_54: [10.0458464355286, -7.87400116800716]
marker_55: [14.8665939375231, -3.17323883387314]
marker_56: [21.5919281507447, -5.6272599667224]
marker_57: [20.0016327688452, -10.299055081912]
marker_58: [23.0070042153104, -15.2071051497874]
marker_59: [17.6194076706621, -14.4487071855932]
marker_60: [15.7852822995629, -9.552683378146]
marker_61: [11.1016332614827, -10.8148009194594]
marker_62: [8.66208301490626, -15.3234054257816]
marker_63: [6.48885319893791, -8.67993485935426]
marker_64: [1.77848358621842, -15.2818975305278]
marker_65: [-3.32591386199091, -13.4554343661814]
