marker_51: [-4.849521830090535, 3.8541318673856853]
marker_52: [-14.403221614351901, 1.7229766316647777]
marker_53: [-22.852895099293125, -12.401016461909427]
marker_54: [-8.497612094818855, -14.890392427906969]
marker_55: [-10.465906201272311, -5.362402175296895]
